i1	Ic(Q1)
1.000000000000000e-006	3.029295e-004
1.999000000000000e-006	6.055055e-004
2.998000000000000e-006	9.069924e-004
3.997000000000000e-006	1.207299e-003
4.996000000000000e-006	1.506399e-003
5.995000000000000e-006	1.804290e-003
6.994000000000000e-006	2.100975e-003
7.993000000000000e-006	2.396464e-003
8.992000000000000e-006	2.690765e-003
9.991000000000000e-006	2.983890e-003
1.099000000000000e-005	3.275851e-003
1.198900000000000e-005	3.566660e-003
1.298800000000000e-005	3.856328e-003
1.398700000000000e-005	4.144870e-003
1.498600000000000e-005	4.432296e-003
1.598500000000000e-005	4.718619e-003
1.698400000000000e-005	5.003851e-003
1.798300000000000e-005	5.288005e-003
1.898200000000000e-005	5.571091e-003
1.998100000000000e-005	5.853121e-003
2.098000000000001e-005	6.134108e-003
2.197900000000001e-005	6.414061e-003
2.297800000000001e-005	6.692993e-003
2.397700000000001e-005	6.970914e-003
2.497600000000001e-005	7.247834e-003
2.597500000000002e-005	7.523766e-003
2.697400000000002e-005	7.798717e-003
2.797300000000002e-005	8.072700e-003
2.897200000000002e-005	8.345725e-003
2.997100000000002e-005	8.617800e-003
3.097000000000002e-005	8.888936e-003
3.196900000000003e-005	9.159141e-003
3.296800000000003e-005	9.428428e-003
3.396700000000003e-005	9.696802e-003
3.496600000000003e-005	9.964274e-003
3.596500000000003e-005	1.023085e-002
3.696400000000003e-005	1.049655e-002
3.796300000000004e-005	1.076137e-002
3.896200000000004e-005	1.102532e-002
3.996100000000004e-005	1.128842e-002
4.096000000000004e-005	1.155066e-002
4.195900000000004e-005	1.181206e-002
4.295800000000005e-005	1.207263e-002
4.395700000000005e-005	1.233237e-002
4.495600000000005e-005	1.259129e-002
4.595500000000005e-005	1.284941e-002
4.695400000000005e-005	1.310671e-002
4.795300000000005e-005	1.336323e-002
4.895200000000006e-005	1.361895e-002
4.995100000000006e-005	1.387389e-002
5.095000000000006e-005	1.412806e-002
5.194900000000006e-005	1.438146e-002
5.294800000000006e-005	1.463410e-002
5.394700000000007e-005	1.488599e-002
5.494600000000007e-005	1.513712e-002
5.594500000000007e-005	1.538752e-002
5.694400000000007e-005	1.563719e-002
5.794300000000007e-005	1.588612e-002
5.894200000000007e-005	1.613434e-002
5.994100000000008e-005	1.638184e-002
6.094000000000008e-005	1.662862e-002
6.193900000000007e-005	1.687471e-002
6.293800000000007e-005	1.712010e-002
6.393700000000006e-005	1.736480e-002
6.493600000000006e-005	1.760881e-002
6.593500000000005e-005	1.785214e-002
6.693400000000005e-005	1.809480e-002
6.793300000000004e-005	1.833679e-002
6.893200000000004e-005	1.857812e-002
6.993100000000003e-005	1.881879e-002
7.093000000000003e-005	1.905880e-002
7.192900000000002e-005	1.929817e-002
7.292800000000002e-005	1.953690e-002
7.392700000000001e-005	1.977499e-002
7.492600000000001e-005	2.001245e-002
7.592500000000000e-005	2.024928e-002
7.692400000000000e-005	2.048548e-002
7.792299999999999e-005	2.072108e-002
7.892199999999999e-005	2.095605e-002
7.992099999999998e-005	2.119043e-002
8.091999999999998e-005	2.142419e-002
8.191899999999997e-005	2.165736e-002
8.291799999999997e-005	2.188994e-002
8.391699999999996e-005	2.212192e-002
8.491599999999996e-005	2.235333e-002
8.591499999999995e-005	2.258415e-002
8.691399999999995e-005	2.281439e-002
8.791299999999994e-005	2.304406e-002
8.891199999999994e-005	2.327317e-002
8.991099999999993e-005	2.350171e-002
9.090999999999993e-005	2.372969e-002
9.190899999999992e-005	2.395711e-002
9.290799999999992e-005	2.418399e-002
9.390699999999991e-005	2.441031e-002
9.490599999999991e-005	2.463610e-002
9.590499999999990e-005	2.486134e-002
9.690399999999990e-005	2.508605e-002
9.790299999999989e-005	2.531022e-002
9.890199999999989e-005	2.553387e-002
9.990099999999988e-005	2.575699e-002
1.008999999999999e-004	2.597959e-002
1.018989999999999e-004	2.620167e-002
1.028979999999999e-004	2.642324e-002
1.038969999999999e-004	2.664430e-002
1.048959999999999e-004	2.686486e-002
1.058949999999999e-004	2.708491e-002
1.068939999999999e-004	2.730446e-002
1.078929999999998e-004	2.752351e-002
1.088919999999998e-004	2.774207e-002
1.098909999999998e-004	2.796014e-002
1.108899999999998e-004	2.817772e-002
1.118889999999998e-004	2.839482e-002
1.128879999999998e-004	2.861144e-002
1.138869999999998e-004	2.882758e-002
1.148859999999998e-004	2.904325e-002
1.158849999999998e-004	2.925845e-002
1.168839999999998e-004	2.947318e-002
1.178829999999998e-004	2.968744e-002
1.188819999999998e-004	2.990124e-002
1.198809999999998e-004	3.011459e-002
1.208799999999998e-004	3.032747e-002
1.218789999999998e-004	3.053991e-002
1.228779999999998e-004	3.075189e-002
1.238769999999998e-004	3.096343e-002
1.248759999999998e-004	3.117452e-002
1.258749999999998e-004	3.138517e-002
1.268739999999998e-004	3.159538e-002
1.278729999999998e-004	3.180516e-002
1.288719999999998e-004	3.201450e-002
1.298709999999998e-004	3.222341e-002
1.308699999999998e-004	3.243189e-002
1.318689999999998e-004	3.263995e-002
1.328679999999999e-004	3.284758e-002
1.338669999999999e-004	3.305479e-002
1.348659999999999e-004	3.326159e-002
1.358649999999999e-004	3.346797e-002
1.368639999999999e-004	3.367393e-002
1.378629999999999e-004	3.387948e-002
1.388619999999999e-004	3.408463e-002
1.398609999999999e-004	3.428937e-002
1.408599999999999e-004	3.449371e-002
1.418589999999999e-004	3.469765e-002
1.428579999999999e-004	3.490118e-002
1.438570000000000e-004	3.510433e-002
1.448560000000000e-004	3.530707e-002
1.458550000000000e-004	3.550943e-002
1.468540000000000e-004	3.571139e-002
1.478530000000000e-004	3.591297e-002
1.488520000000000e-004	3.611416e-002
1.498510000000000e-004	3.631498e-002
1.508500000000000e-004	3.651540e-002
1.518490000000000e-004	3.671545e-002
1.528480000000000e-004	3.691513e-002
1.538470000000000e-004	3.711443e-002
1.548460000000000e-004	3.731335e-002
1.558450000000001e-004	3.751191e-002
1.568440000000001e-004	3.771010e-002
1.578430000000001e-004	3.790792e-002
1.588420000000001e-004	3.810538e-002
1.598410000000001e-004	3.830247e-002
1.608400000000001e-004	3.849921e-002
1.618390000000001e-004	3.869558e-002
1.628380000000001e-004	3.889161e-002
1.638370000000001e-004	3.908727e-002
1.648360000000001e-004	3.928259e-002
1.658350000000001e-004	3.947755e-002
1.668340000000001e-004	3.967216e-002
1.678330000000002e-004	3.986643e-002
1.688320000000002e-004	4.006035e-002
1.698310000000002e-004	4.025393e-002
1.708300000000002e-004	4.044717e-002
1.718290000000002e-004	4.064007e-002
1.728280000000002e-004	4.083263e-002
1.738270000000002e-004	4.102485e-002
1.748260000000002e-004	4.121674e-002
1.758250000000002e-004	4.140830e-002
1.768240000000002e-004	4.159952e-002
1.778230000000002e-004	4.179042e-002
1.788220000000003e-004	4.198099e-002
1.798210000000003e-004	4.217123e-002
1.808200000000003e-004	4.236115e-002
1.818190000000003e-004	4.255075e-002
1.828180000000003e-004	4.274002e-002
1.838170000000003e-004	4.292898e-002
1.848160000000003e-004	4.311761e-002
1.858150000000003e-004	4.330594e-002
1.868140000000003e-004	4.349394e-002
1.878130000000003e-004	4.368164e-002
1.888120000000003e-004	4.386902e-002
1.898110000000003e-004	4.405609e-002
1.908100000000004e-004	4.424286e-002
1.918090000000004e-004	4.442931e-002
1.928080000000004e-004	4.461546e-002
1.938070000000004e-004	4.480131e-002
1.948060000000004e-004	4.498686e-002
1.958050000000004e-004	4.517210e-002
1.968040000000004e-004	4.535704e-002
1.978030000000004e-004	4.554169e-002
1.988020000000004e-004	4.572604e-002
1.998010000000004e-004	4.591010e-002
2.008000000000004e-004	4.609386e-002
2.017990000000004e-004	4.627733e-002
2.027980000000005e-004	4.646050e-002
2.037970000000005e-004	4.664339e-002
2.047960000000005e-004	4.682599e-002
2.057950000000005e-004	4.700830e-002
2.067940000000005e-004	4.719033e-002
2.077930000000005e-004	4.737207e-002
2.087920000000005e-004	4.755352e-002
2.097910000000005e-004	4.773470e-002
2.107900000000005e-004	4.791560e-002
2.117890000000005e-004	4.809622e-002
2.127880000000005e-004	4.827656e-002
2.137870000000006e-004	4.845662e-002
2.147860000000006e-004	4.863641e-002
2.157850000000006e-004	4.881592e-002
2.167840000000006e-004	4.899516e-002
2.177830000000006e-004	4.917413e-002
2.187820000000006e-004	4.935283e-002
2.197810000000006e-004	4.953126e-002
2.207800000000006e-004	4.970942e-002
2.217790000000006e-004	4.988731e-002
2.227780000000006e-004	5.006494e-002
2.237770000000006e-004	5.024231e-002
2.247760000000006e-004	5.041941e-002
2.257750000000007e-004	5.059625e-002
2.267740000000007e-004	5.077283e-002
2.277730000000007e-004	5.094915e-002
2.287720000000007e-004	5.112521e-002
2.297710000000007e-004	5.130101e-002
2.307700000000007e-004	5.147656e-002
2.317690000000007e-004	5.165185e-002
2.327680000000007e-004	5.182688e-002
2.337670000000007e-004	5.200167e-002
2.347660000000007e-004	5.217620e-002
2.357650000000007e-004	5.235048e-002
2.367640000000007e-004	5.252451e-002
2.377630000000008e-004	5.269829e-002
2.387620000000008e-004	5.287183e-002
2.397610000000008e-004	5.304512e-002
2.407600000000008e-004	5.321816e-002
2.417590000000008e-004	5.339095e-002
2.427580000000008e-004	5.356351e-002
2.437570000000008e-004	5.373582e-002
2.447560000000008e-004	5.390789e-002
2.457550000000008e-004	5.407972e-002
2.467540000000008e-004	5.425131e-002
2.477530000000008e-004	5.442266e-002
2.487520000000009e-004	5.459377e-002
2.497510000000009e-004	5.476465e-002
2.507500000000009e-004	5.493529e-002
2.517490000000009e-004	5.510570e-002
2.527480000000009e-004	5.527587e-002
2.537470000000009e-004	5.544581e-002
2.547460000000009e-004	5.561552e-002
2.557450000000009e-004	5.578500e-002
2.567440000000009e-004	5.595424e-002
2.577430000000009e-004	5.612326e-002
2.587420000000009e-004	5.629205e-002
2.597410000000009e-004	5.646062e-002
2.607400000000010e-004	5.662895e-002
2.617390000000010e-004	5.679706e-002
2.627380000000010e-004	5.696495e-002
2.637370000000010e-004	5.713262e-002
2.647360000000010e-004	5.730006e-002
2.657350000000010e-004	5.746727e-002
2.667340000000010e-004	5.763427e-002
2.677330000000010e-004	5.780105e-002
2.687320000000010e-004	5.796761e-002
2.697310000000010e-004	5.813395e-002
2.707300000000010e-004	5.830007e-002
2.717290000000010e-004	5.846598e-002
2.727280000000011e-004	5.863167e-002
2.737270000000011e-004	5.879715e-002
2.747260000000011e-004	5.896241e-002
2.757250000000011e-004	5.912746e-002
2.767240000000011e-004	5.929229e-002
2.777230000000011e-004	5.945691e-002
2.787220000000011e-004	5.962133e-002
2.797210000000011e-004	5.978553e-002
2.807200000000011e-004	5.994952e-002
2.817190000000011e-004	6.011331e-002
2.827180000000011e-004	6.027689e-002
2.837170000000012e-004	6.044026e-002
2.847160000000012e-004	6.060342e-002
2.857150000000012e-004	6.076638e-002
2.867140000000012e-004	6.092914e-002
2.877130000000012e-004	6.109169e-002
2.887120000000012e-004	6.125404e-002
2.897110000000012e-004	6.141618e-002
2.907100000000012e-004	6.157812e-002
2.917090000000012e-004	6.173987e-002
2.927080000000012e-004	6.190141e-002
2.937070000000012e-004	6.206275e-002
2.947060000000012e-004	6.222390e-002
2.957050000000013e-004	6.238484e-002
2.967040000000013e-004	6.254559e-002
2.977030000000013e-004	6.270614e-002
2.987020000000013e-004	6.286650e-002
2.997010000000013e-004	6.302667e-002
3.007000000000013e-004	6.318663e-002
3.016990000000013e-004	6.334641e-002
3.026980000000013e-004	6.350598e-002
3.036970000000013e-004	6.366538e-002
3.046960000000013e-004	6.382457e-002
3.056950000000013e-004	6.398358e-002
3.066940000000013e-004	6.414240e-002
3.076930000000014e-004	6.430102e-002
3.086920000000014e-004	6.445947e-002
3.096910000000014e-004	6.461771e-002
3.106900000000014e-004	6.477577e-002
3.116890000000014e-004	6.493365e-002
3.126880000000014e-004	6.509134e-002
3.136870000000014e-004	6.524884e-002
3.146860000000014e-004	6.540616e-002
3.156850000000014e-004	6.556330e-002
3.166840000000014e-004	6.572025e-002
3.176830000000014e-004	6.587701e-002
3.186820000000015e-004	6.603360e-002
3.196810000000015e-004	6.619000e-002
3.206800000000015e-004	6.634623e-002
3.216790000000015e-004	6.650227e-002
3.226780000000015e-004	6.665813e-002
3.236770000000015e-004	6.681381e-002
3.246760000000015e-004	6.696932e-002
3.256750000000015e-004	6.712464e-002
3.266740000000015e-004	6.727979e-002
3.276730000000015e-004	6.743477e-002
3.286720000000015e-004	6.758956e-002
3.296710000000015e-004	6.774418e-002
3.306700000000016e-004	6.789863e-002
3.316690000000016e-004	6.805290e-002
3.326680000000016e-004	6.820700e-002
3.336670000000016e-004	6.836092e-002
3.346660000000016e-004	6.851467e-002
3.356650000000016e-004	6.866825e-002
3.366640000000016e-004	6.882166e-002
3.376630000000016e-004	6.897490e-002
3.386620000000016e-004	6.912796e-002
3.396610000000016e-004	6.928086e-002
3.406600000000016e-004	6.943358e-002
3.416590000000016e-004	6.958614e-002
3.426580000000017e-004	6.973853e-002
3.436570000000017e-004	6.989075e-002
3.446560000000017e-004	7.004281e-002
3.456550000000017e-004	7.019470e-002
3.466540000000017e-004	7.034642e-002
3.476530000000017e-004	7.049798e-002
3.486520000000017e-004	7.064937e-002
3.496510000000017e-004	7.080060e-002
3.506500000000017e-004	7.095166e-002
3.516490000000017e-004	7.110257e-002
3.526480000000017e-004	7.125331e-002
3.536470000000018e-004	7.140388e-002
3.546460000000018e-004	7.155430e-002
3.556450000000018e-004	7.170454e-002
3.566440000000018e-004	7.185464e-002
3.576430000000018e-004	7.200457e-002
3.586420000000018e-004	7.215434e-002
3.596410000000018e-004	7.230396e-002
3.606400000000018e-004	7.245341e-002
3.616390000000018e-004	7.260270e-002
3.626380000000018e-004	7.275184e-002
3.636370000000018e-004	7.290082e-002
3.646360000000018e-004	7.304965e-002
3.656350000000019e-004	7.319832e-002
3.666340000000019e-004	7.334683e-002
3.676330000000019e-004	7.349519e-002
3.686320000000019e-004	7.364339e-002
3.696310000000019e-004	7.379144e-002
3.706300000000019e-004	7.393933e-002
3.716290000000019e-004	7.408708e-002
3.726280000000019e-004	7.423466e-002
3.736270000000019e-004	7.438210e-002
3.746260000000019e-004	7.452938e-002
3.756250000000019e-004	7.467651e-002
3.766240000000019e-004	7.482350e-002
3.776230000000020e-004	7.497033e-002
3.786220000000020e-004	7.511701e-002
3.796210000000020e-004	7.526354e-002
3.806200000000020e-004	7.540992e-002
3.816190000000020e-004	7.555615e-002
3.826180000000020e-004	7.570224e-002
3.836170000000020e-004	7.584818e-002
3.846160000000020e-004	7.599397e-002
3.856150000000020e-004	7.613961e-002
3.866140000000020e-004	7.628511e-002
3.876130000000020e-004	7.643045e-002
3.886120000000021e-004	7.657566e-002
3.896110000000021e-004	7.672072e-002
3.906100000000021e-004	7.686564e-002
3.916090000000021e-004	7.701041e-002
3.926080000000021e-004	7.715503e-002
3.936070000000021e-004	7.729951e-002
3.946060000000021e-004	7.744385e-002
3.956050000000021e-004	7.758805e-002
3.966040000000021e-004	7.773211e-002
3.976030000000021e-004	7.787602e-002
3.986020000000021e-004	7.801979e-002
3.996010000000021e-004	7.816342e-002
4.006000000000022e-004	7.830691e-002
4.015990000000022e-004	7.845026e-002
4.025980000000022e-004	7.859347e-002
4.035970000000022e-004	7.873654e-002
4.045960000000022e-004	7.887948e-002
4.055950000000022e-004	7.902227e-002
4.065940000000022e-004	7.916492e-002
4.075930000000022e-004	7.930744e-002
4.085920000000022e-004	7.944982e-002
4.095910000000022e-004	7.959206e-002
4.105900000000022e-004	7.973417e-002
4.115890000000022e-004	7.987614e-002
4.125880000000023e-004	8.001798e-002
4.135870000000023e-004	8.015968e-002
4.145860000000023e-004	8.030124e-002
4.155850000000023e-004	8.044267e-002
4.165840000000023e-004	8.058397e-002
4.175830000000023e-004	8.072513e-002
4.185820000000023e-004	8.086616e-002
4.195810000000023e-004	8.100705e-002
4.205800000000023e-004	8.114781e-002
4.215790000000023e-004	8.128844e-002
4.225780000000023e-004	8.142894e-002
4.235770000000023e-004	8.156931e-002
4.245760000000024e-004	8.170954e-002
4.255750000000024e-004	8.184964e-002
4.265740000000024e-004	8.198962e-002
4.275730000000024e-004	8.212946e-002
4.285720000000024e-004	8.226917e-002
4.295710000000024e-004	8.240876e-002
4.305700000000024e-004	8.254821e-002
4.315690000000024e-004	8.268753e-002
4.325680000000024e-004	8.282673e-002
4.335670000000024e-004	8.296581e-002
4.345660000000024e-004	8.310474e-002
4.355650000000025e-004	8.324356e-002
4.365640000000025e-004	8.338225e-002
4.375630000000025e-004	8.352081e-002
4.385620000000025e-004	8.365924e-002
4.395610000000025e-004	8.379755e-002
4.405600000000025e-004	8.393573e-002
4.415590000000025e-004	8.407379e-002
4.425580000000025e-004	8.421172e-002
4.435570000000025e-004	8.434953e-002
4.445560000000025e-004	8.448721e-002
4.455550000000025e-004	8.462477e-002
4.465540000000025e-004	8.476221e-002
4.475530000000026e-004	8.489952e-002
4.485520000000026e-004	8.503671e-002
4.495510000000026e-004	8.517378e-002
4.505500000000026e-004	8.531072e-002
4.515490000000026e-004	8.544754e-002
4.525480000000026e-004	8.558425e-002
4.535470000000026e-004	8.572083e-002
4.545460000000026e-004	8.585729e-002
4.555450000000026e-004	8.599363e-002
4.565440000000026e-004	8.612984e-002
4.575430000000026e-004	8.626594e-002
4.585420000000026e-004	8.640192e-002
4.595410000000027e-004	8.653777e-002
4.605400000000027e-004	8.667351e-002
4.615390000000027e-004	8.680914e-002
4.625380000000027e-004	8.694463e-002
4.635370000000027e-004	8.708002e-002
4.645360000000027e-004	8.721528e-002
4.655350000000027e-004	8.735043e-002
4.665340000000027e-004	8.748546e-002
4.675330000000027e-004	8.762038e-002
4.685320000000027e-004	8.775517e-002
4.695310000000027e-004	8.788985e-002
4.705300000000028e-004	8.802442e-002
4.715290000000028e-004	8.815887e-002
4.725280000000028e-004	8.829320e-002
4.735270000000028e-004	8.842742e-002
4.745260000000028e-004	8.856152e-002
4.755250000000028e-004	8.869551e-002
4.765240000000028e-004	8.882938e-002
4.775230000000028e-004	8.896314e-002
4.785220000000028e-004	8.909679e-002
4.795210000000028e-004	8.923032e-002
4.805200000000028e-004	8.936374e-002
4.815190000000028e-004	8.949704e-002
4.825180000000029e-004	8.963024e-002
4.835170000000029e-004	8.976332e-002
4.845160000000029e-004	8.989629e-002
4.855150000000029e-004	9.002915e-002
4.865140000000029e-004	9.016190e-002
4.875130000000029e-004	9.029453e-002
4.885120000000029e-004	9.042706e-002
4.895110000000029e-004	9.055947e-002
4.905100000000029e-004	9.069178e-002
4.915090000000029e-004	9.082396e-002
4.925080000000029e-004	9.095605e-002
4.935070000000029e-004	9.108803e-002
4.945060000000030e-004	9.121989e-002
4.955050000000030e-004	9.135164e-002
4.965040000000030e-004	9.148329e-002
4.975030000000030e-004	9.161483e-002
4.985020000000030e-004	9.174626e-002
4.995010000000030e-004	9.187758e-002
5.005000000000030e-004	9.200879e-002
5.014990000000030e-004	9.213990e-002
5.024980000000030e-004	9.227090e-002
5.034970000000030e-004	9.240180e-002
5.044960000000030e-004	9.253258e-002
5.054950000000031e-004	9.266326e-002
5.064940000000031e-004	9.279383e-002
5.074930000000031e-004	9.292430e-002
5.084920000000031e-004	9.305466e-002
5.094910000000031e-004	9.318492e-002
5.104900000000031e-004	9.331507e-002
5.114890000000031e-004	9.344511e-002
5.124880000000031e-004	9.357506e-002
5.134870000000031e-004	9.370489e-002
5.144860000000031e-004	9.383463e-002
5.154850000000031e-004	9.396426e-002
5.164840000000031e-004	9.409378e-002
5.174830000000032e-004	9.422321e-002
5.184820000000032e-004	9.435253e-002
5.194810000000032e-004	9.448174e-002
5.204800000000032e-004	9.461085e-002
5.214790000000032e-004	9.473987e-002
5.224780000000032e-004	9.486878e-002
5.234770000000032e-004	9.499758e-002
5.244760000000032e-004	9.512629e-002
5.254750000000032e-004	9.525489e-002
5.264740000000032e-004	9.538340e-002
5.274730000000032e-004	9.551179e-002
5.284720000000032e-004	9.564010e-002
5.294710000000033e-004	9.576830e-002
5.304700000000033e-004	9.589640e-002
5.314690000000033e-004	9.602440e-002
5.324680000000033e-004	9.615230e-002
5.334670000000033e-004	9.628011e-002
5.344660000000033e-004	9.640780e-002
5.354650000000033e-004	9.653541e-002
5.364640000000033e-004	9.666291e-002
5.374630000000033e-004	9.679031e-002
5.384620000000033e-004	9.691762e-002
5.394610000000033e-004	9.704483e-002
5.404600000000034e-004	9.717194e-002
5.414590000000034e-004	9.729895e-002
5.424580000000034e-004	9.742587e-002
5.434570000000034e-004	9.755269e-002
5.444560000000034e-004	9.767941e-002
5.454550000000034e-004	9.780603e-002
5.464540000000034e-004	9.793255e-002
5.474530000000034e-004	9.805898e-002
5.484520000000034e-004	9.818532e-002
5.494510000000034e-004	9.831156e-002
5.504500000000034e-004	9.843770e-002
5.514490000000034e-004	9.856375e-002
5.524480000000035e-004	9.868971e-002
5.534470000000035e-004	9.881556e-002
5.544460000000035e-004	9.894132e-002
5.554450000000035e-004	9.906699e-002
5.564440000000035e-004	9.919256e-002
5.574430000000035e-004	9.931803e-002
5.584420000000035e-004	9.944342e-002
5.594410000000035e-004	9.956871e-002
5.604400000000035e-004	9.969391e-002
5.614390000000035e-004	9.981901e-002
5.624380000000035e-004	9.994402e-002
5.634370000000035e-004	1.000689e-001
5.644360000000036e-004	1.001938e-001
5.654350000000036e-004	1.003185e-001
5.664340000000036e-004	1.004431e-001
5.674330000000036e-004	1.005677e-001
5.684320000000036e-004	1.006921e-001
5.694310000000036e-004	1.008165e-001
5.704300000000036e-004	1.009408e-001
5.714290000000036e-004	1.010650e-001
5.724280000000036e-004	1.011890e-001
5.734270000000036e-004	1.013130e-001
5.744260000000036e-004	1.014369e-001
5.754250000000037e-004	1.015608e-001
5.764240000000037e-004	1.016845e-001
5.774230000000037e-004	1.018081e-001
5.784220000000037e-004	1.019317e-001
5.794210000000037e-004	1.020551e-001
5.804200000000037e-004	1.021785e-001
5.814190000000037e-004	1.023018e-001
5.824180000000037e-004	1.024249e-001
5.834170000000037e-004	1.025480e-001
5.844160000000037e-004	1.026711e-001
5.854150000000037e-004	1.027940e-001
5.864140000000037e-004	1.029168e-001
5.874130000000038e-004	1.030396e-001
5.884120000000038e-004	1.031622e-001
5.894110000000038e-004	1.032848e-001
5.904100000000038e-004	1.034073e-001
5.914090000000038e-004	1.035296e-001
5.924080000000038e-004	1.036520e-001
5.934070000000038e-004	1.037742e-001
5.944060000000038e-004	1.038963e-001
5.954050000000038e-004	1.040183e-001
5.964040000000038e-004	1.041403e-001
5.974030000000038e-004	1.042622e-001
5.984020000000038e-004	1.043840e-001
5.994010000000039e-004	1.045057e-001
6.004000000000039e-004	1.046273e-001
6.013990000000039e-004	1.047488e-001
6.023980000000039e-004	1.048702e-001
6.033970000000039e-004	1.049916e-001
6.043960000000039e-004	1.051129e-001
6.053950000000039e-004	1.052341e-001
6.063940000000039e-004	1.053552e-001
6.073930000000039e-004	1.054762e-001
6.083920000000039e-004	1.055971e-001
6.093910000000039e-004	1.057179e-001
6.103900000000040e-004	1.058387e-001
6.113890000000040e-004	1.059594e-001
6.123880000000040e-004	1.060800e-001
6.133870000000040e-004	1.062005e-001
6.143860000000040e-004	1.063209e-001
6.153850000000040e-004	1.064413e-001
6.163840000000040e-004	1.065615e-001
6.173830000000040e-004	1.066817e-001
6.183820000000040e-004	1.068018e-001
6.193810000000040e-004	1.069218e-001
6.203800000000040e-004	1.070418e-001
6.213790000000040e-004	1.071616e-001
6.223780000000041e-004	1.072814e-001
6.233770000000041e-004	1.074011e-001
6.243760000000041e-004	1.075207e-001
6.253750000000041e-004	1.076402e-001
6.263740000000041e-004	1.077596e-001
6.273730000000041e-004	1.078790e-001
6.283720000000041e-004	1.079983e-001
6.293710000000041e-004	1.081175e-001
6.303700000000041e-004	1.082366e-001
6.313690000000041e-004	1.083556e-001
6.323680000000041e-004	1.084746e-001
6.333670000000041e-004	1.085934e-001
6.343660000000042e-004	1.087122e-001
6.353650000000042e-004	1.088310e-001
6.363640000000042e-004	1.089496e-001
6.373630000000042e-004	1.090681e-001
6.383620000000042e-004	1.091866e-001
6.393610000000042e-004	1.093050e-001
6.403600000000042e-004	1.094233e-001
6.413590000000042e-004	1.095416e-001
6.423580000000042e-004	1.096597e-001
6.433570000000042e-004	1.097778e-001
6.443560000000042e-004	1.098958e-001
6.453550000000043e-004	1.100137e-001
6.463540000000043e-004	1.101316e-001
6.473530000000043e-004	1.102494e-001
6.483520000000043e-004	1.103671e-001
6.493510000000043e-004	1.104847e-001
6.503500000000043e-004	1.106022e-001
6.513490000000043e-004	1.107197e-001
6.523480000000043e-004	1.108370e-001
6.533470000000043e-004	1.109543e-001
6.543460000000043e-004	1.110716e-001
6.553450000000043e-004	1.111887e-001
6.563440000000043e-004	1.113058e-001
6.573430000000044e-004	1.114228e-001
6.583420000000044e-004	1.115397e-001
6.593410000000044e-004	1.116565e-001
6.603400000000044e-004	1.117733e-001
6.613390000000044e-004	1.118900e-001
6.623380000000044e-004	1.120066e-001
6.633370000000044e-004	1.121232e-001
6.643360000000044e-004	1.122396e-001
6.653350000000044e-004	1.123560e-001
6.663340000000044e-004	1.124723e-001
6.673330000000044e-004	1.125886e-001
6.683320000000044e-004	1.127047e-001
6.693310000000045e-004	1.128208e-001
6.703300000000045e-004	1.129368e-001
6.713290000000045e-004	1.130528e-001
6.723280000000045e-004	1.131686e-001
6.733270000000045e-004	1.132844e-001
6.743260000000045e-004	1.134001e-001
6.753250000000045e-004	1.135158e-001
6.763240000000045e-004	1.136313e-001
6.773230000000045e-004	1.137468e-001
6.783220000000045e-004	1.138623e-001
6.793210000000045e-004	1.139776e-001
6.803200000000046e-004	1.140929e-001
6.813190000000046e-004	1.142081e-001
6.823180000000046e-004	1.143232e-001
6.833170000000046e-004	1.144383e-001
6.843160000000046e-004	1.145532e-001
6.853150000000046e-004	1.146682e-001
6.863140000000046e-004	1.147830e-001
6.873130000000046e-004	1.148978e-001
6.883120000000046e-004	1.150125e-001
6.893110000000046e-004	1.151271e-001
6.903100000000046e-004	1.152416e-001
6.913090000000046e-004	1.153561e-001
6.923080000000047e-004	1.154705e-001
6.933070000000047e-004	1.155848e-001
6.943060000000047e-004	1.156991e-001
6.953050000000047e-004	1.158133e-001
6.963040000000047e-004	1.159274e-001
6.973030000000047e-004	1.160415e-001
6.983020000000047e-004	1.161554e-001
6.993010000000047e-004	1.162694e-001
7.003000000000047e-004	1.163832e-001
7.012990000000047e-004	1.164970e-001
7.022980000000047e-004	1.166107e-001
7.032970000000047e-004	1.167243e-001
7.042960000000048e-004	1.168378e-001
7.052950000000048e-004	1.169513e-001
7.062940000000048e-004	1.170647e-001
7.072930000000048e-004	1.171781e-001
7.082920000000048e-004	1.172914e-001
7.092910000000048e-004	1.174046e-001
7.102900000000048e-004	1.175177e-001
7.112890000000048e-004	1.176308e-001
7.122880000000048e-004	1.177438e-001
7.132870000000048e-004	1.178567e-001
7.142860000000048e-004	1.179696e-001
7.152850000000048e-004	1.180824e-001
7.162840000000049e-004	1.181951e-001
7.172830000000049e-004	1.183078e-001
7.182820000000049e-004	1.184203e-001
7.192810000000049e-004	1.185329e-001
7.202800000000049e-004	1.186453e-001
7.212790000000049e-004	1.187577e-001
7.222780000000049e-004	1.188700e-001
7.232770000000049e-004	1.189823e-001
7.242760000000049e-004	1.190945e-001
7.252750000000049e-004	1.192066e-001
7.262740000000049e-004	1.193186e-001
7.272730000000050e-004	1.194306e-001
7.282720000000050e-004	1.195425e-001
7.292710000000050e-004	1.196544e-001
7.302700000000050e-004	1.197661e-001
7.312690000000050e-004	1.198778e-001
7.322680000000050e-004	1.199895e-001
7.332670000000050e-004	1.201011e-001
7.342660000000050e-004	1.202126e-001
7.352650000000050e-004	1.203240e-001
7.362640000000050e-004	1.204354e-001
7.372630000000050e-004	1.205467e-001
7.382620000000050e-004	1.206580e-001
7.392610000000051e-004	1.207692e-001
7.402600000000051e-004	1.208803e-001
7.412590000000051e-004	1.209913e-001
7.422580000000051e-004	1.211023e-001
7.432570000000051e-004	1.212132e-001
7.442560000000051e-004	1.213241e-001
7.452550000000051e-004	1.214349e-001
7.462540000000051e-004	1.215456e-001
7.472530000000051e-004	1.216563e-001
7.482520000000051e-004	1.217669e-001
7.492510000000051e-004	1.218774e-001
7.502500000000051e-004	1.219878e-001
7.512490000000052e-004	1.220983e-001
7.522480000000052e-004	1.222086e-001
7.532470000000052e-004	1.223189e-001
7.542460000000052e-004	1.224291e-001
7.552450000000052e-004	1.225392e-001
7.562440000000052e-004	1.226493e-001
7.572430000000052e-004	1.227593e-001
7.582420000000052e-004	1.228693e-001
7.592410000000052e-004	1.229792e-001
7.602400000000052e-004	1.230890e-001
7.612390000000052e-004	1.231987e-001
7.622380000000053e-004	1.233084e-001
7.632370000000053e-004	1.234181e-001
7.642360000000053e-004	1.235277e-001
7.652350000000053e-004	1.236372e-001
7.662340000000053e-004	1.237466e-001
7.672330000000053e-004	1.238560e-001
7.682320000000053e-004	1.239653e-001
7.692310000000053e-004	1.240746e-001
7.702300000000053e-004	1.241838e-001
7.712290000000053e-004	1.242929e-001
7.722280000000053e-004	1.244020e-001
7.732270000000053e-004	1.245110e-001
7.742260000000054e-004	1.246200e-001
7.752250000000054e-004	1.247289e-001
7.762240000000054e-004	1.248377e-001
7.772230000000054e-004	1.249464e-001
7.782220000000054e-004	1.250551e-001
7.792210000000054e-004	1.251638e-001
7.802200000000054e-004	1.252724e-001
7.812190000000054e-004	1.253809e-001
7.822180000000054e-004	1.254893e-001
7.832170000000054e-004	1.255977e-001
7.842160000000054e-004	1.257061e-001
7.852150000000054e-004	1.258143e-001
7.862140000000055e-004	1.259226e-001
7.872130000000055e-004	1.260307e-001
7.882120000000055e-004	1.261388e-001
7.892110000000055e-004	1.262469e-001
7.902100000000055e-004	1.263548e-001
7.912090000000055e-004	1.264627e-001
7.922080000000055e-004	1.265706e-001
7.932070000000055e-004	1.266784e-001
7.942060000000055e-004	1.267861e-001
7.952050000000055e-004	1.268938e-001
7.962040000000055e-004	1.270014e-001
7.972030000000056e-004	1.271089e-001
7.982020000000056e-004	1.272164e-001
7.992010000000056e-004	1.273239e-001
8.002000000000056e-004	1.274313e-001
8.011990000000056e-004	1.275386e-001
8.021980000000056e-004	1.276458e-001
8.031970000000056e-004	1.277530e-001
8.041960000000056e-004	1.278602e-001
8.051950000000056e-004	1.279672e-001
8.061940000000056e-004	1.280743e-001
8.071930000000056e-004	1.281812e-001
8.081920000000056e-004	1.282881e-001
8.091910000000057e-004	1.283950e-001
8.101900000000057e-004	1.285018e-001
8.111890000000057e-004	1.286085e-001
8.121880000000057e-004	1.287152e-001
8.131870000000057e-004	1.288218e-001
8.141860000000057e-004	1.289283e-001
8.151850000000057e-004	1.290348e-001
8.161840000000057e-004	1.291413e-001
8.171830000000057e-004	1.292477e-001
8.181820000000057e-004	1.293540e-001
8.191810000000057e-004	1.294602e-001
8.201800000000057e-004	1.295664e-001
8.211790000000058e-004	1.296726e-001
8.221780000000058e-004	1.297787e-001
8.231770000000058e-004	1.298847e-001
8.241760000000058e-004	1.299907e-001
8.251750000000058e-004	1.300966e-001
8.261740000000058e-004	1.302025e-001
8.271730000000058e-004	1.303083e-001
8.281720000000058e-004	1.304141e-001
8.291710000000058e-004	1.305197e-001
8.301700000000058e-004	1.306254e-001
8.311690000000058e-004	1.307310e-001
8.321680000000059e-004	1.308365e-001
8.331670000000059e-004	1.309420e-001
8.341660000000059e-004	1.310474e-001
8.351650000000059e-004	1.311527e-001
8.361640000000059e-004	1.312580e-001
8.371630000000059e-004	1.313633e-001
8.381620000000059e-004	1.314685e-001
8.391610000000059e-004	1.315736e-001
8.401600000000059e-004	1.316787e-001
8.411590000000059e-004	1.317837e-001
8.421580000000059e-004	1.318887e-001
8.431570000000059e-004	1.319936e-001
8.441560000000060e-004	1.320985e-001
8.451550000000060e-004	1.322033e-001
8.461540000000060e-004	1.323080e-001
8.471530000000060e-004	1.324127e-001
8.481520000000060e-004	1.325173e-001
8.491510000000060e-004	1.326219e-001
8.501500000000060e-004	1.327264e-001
8.511490000000060e-004	1.328309e-001
8.521480000000060e-004	1.329353e-001
8.531470000000060e-004	1.330397e-001
8.541460000000060e-004	1.331440e-001
8.551450000000060e-004	1.332483e-001
8.561440000000061e-004	1.333525e-001
8.571430000000061e-004	1.334566e-001
8.581420000000061e-004	1.335607e-001
8.591410000000061e-004	1.336647e-001
8.601400000000061e-004	1.337687e-001
8.611390000000061e-004	1.338727e-001
8.621380000000061e-004	1.339765e-001
8.631370000000061e-004	1.340804e-001
8.641360000000061e-004	1.341841e-001
8.651350000000061e-004	1.342878e-001
8.661340000000061e-004	1.343915e-001
8.671330000000062e-004	1.344951e-001
8.681320000000062e-004	1.345987e-001
8.691310000000062e-004	1.347022e-001
8.701300000000062e-004	1.348056e-001
8.711290000000062e-004	1.349090e-001
8.721280000000062e-004	1.350124e-001
8.731270000000062e-004	1.351157e-001
8.741260000000062e-004	1.352189e-001
8.751250000000062e-004	1.353221e-001
8.761240000000062e-004	1.354252e-001
8.771230000000062e-004	1.355283e-001
8.781220000000062e-004	1.356313e-001
8.791210000000063e-004	1.357343e-001
8.801200000000063e-004	1.358372e-001
8.811190000000063e-004	1.359401e-001
8.821180000000063e-004	1.360429e-001
8.831170000000063e-004	1.361457e-001
8.841160000000063e-004	1.362484e-001
8.851150000000063e-004	1.363510e-001
8.861140000000063e-004	1.364537e-001
8.871130000000063e-004	1.365562e-001
8.881120000000063e-004	1.366587e-001
8.891110000000063e-004	1.367612e-001
8.901100000000063e-004	1.368636e-001
8.911090000000064e-004	1.369659e-001
8.921080000000064e-004	1.370682e-001
8.931070000000064e-004	1.371705e-001
8.941060000000064e-004	1.372727e-001
8.951050000000064e-004	1.373748e-001
8.961040000000064e-004	1.374769e-001
8.971030000000064e-004	1.375790e-001
8.981020000000064e-004	1.376810e-001
8.991010000000064e-004	1.377829e-001
9.001000000000064e-004	1.378848e-001
9.010990000000064e-004	1.379866e-001
9.020980000000065e-004	1.380884e-001
9.030970000000065e-004	1.381902e-001
9.040960000000065e-004	1.382919e-001
9.050950000000065e-004	1.383935e-001
9.060940000000065e-004	1.384951e-001
9.070930000000065e-004	1.385966e-001
9.080920000000065e-004	1.386981e-001
9.090910000000065e-004	1.387996e-001
9.100900000000065e-004	1.389010e-001
9.110890000000065e-004	1.390023e-001
9.120880000000065e-004	1.391036e-001
9.130870000000065e-004	1.392048e-001
9.140860000000066e-004	1.393060e-001
9.150850000000066e-004	1.394072e-001
9.160840000000066e-004	1.395082e-001
9.170830000000066e-004	1.396093e-001
9.180820000000066e-004	1.397103e-001
9.190810000000066e-004	1.398112e-001
9.200800000000066e-004	1.399121e-001
9.210790000000066e-004	1.400129e-001
9.220780000000066e-004	1.401138e-001
9.230770000000066e-004	1.402145e-001
9.240760000000066e-004	1.403152e-001
9.250750000000066e-004	1.404158e-001
9.260740000000067e-004	1.405164e-001
9.270730000000067e-004	1.406170e-001
9.280720000000067e-004	1.407175e-001
9.290710000000067e-004	1.408179e-001
9.300700000000067e-004	1.409183e-001
9.310690000000067e-004	1.410187e-001
9.320680000000067e-004	1.411190e-001
9.330670000000067e-004	1.412193e-001
9.340660000000067e-004	1.413195e-001
9.350650000000067e-004	1.414196e-001
9.360640000000067e-004	1.415198e-001
9.370630000000068e-004	1.416198e-001
9.380620000000068e-004	1.417198e-001
9.390610000000068e-004	1.418198e-001
9.400600000000068e-004	1.419197e-001
9.410590000000068e-004	1.420196e-001
9.420580000000068e-004	1.421194e-001
9.430570000000068e-004	1.422192e-001
9.440560000000068e-004	1.423189e-001
9.450550000000068e-004	1.424186e-001
9.460540000000068e-004	1.425183e-001
9.470530000000068e-004	1.426178e-001
9.480520000000068e-004	1.427174e-001
9.490510000000069e-004	1.428169e-001
9.500500000000069e-004	1.429163e-001
9.510490000000069e-004	1.430157e-001
9.520480000000069e-004	1.431151e-001
9.530470000000069e-004	1.432144e-001
9.540460000000069e-004	1.433136e-001
9.550450000000069e-004	1.434128e-001
9.560440000000069e-004	1.435120e-001
9.570430000000069e-004	1.436111e-001
9.580420000000069e-004	1.437102e-001
9.590410000000069e-004	1.438092e-001
9.600400000000069e-004	1.439082e-001
9.610390000000070e-004	1.440071e-001
9.620380000000070e-004	1.441060e-001
9.630370000000070e-004	1.442049e-001
9.640360000000070e-004	1.443036e-001
9.650350000000070e-004	1.444024e-001
9.660340000000070e-004	1.445011e-001
9.670330000000070e-004	1.445998e-001
9.680320000000070e-004	1.446984e-001
9.690310000000070e-004	1.447969e-001
9.700300000000070e-004	1.448954e-001
9.710290000000070e-004	1.449939e-001
9.720280000000071e-004	1.450923e-001
9.730270000000071e-004	1.451907e-001
9.740260000000071e-004	1.452890e-001
9.750250000000071e-004	1.453873e-001
9.760240000000071e-004	1.454856e-001
9.770230000000070e-004	1.455837e-001
9.780220000000070e-004	1.456819e-001
9.790210000000070e-004	1.457800e-001
9.800200000000070e-004	1.458781e-001
9.810190000000070e-004	1.459761e-001
9.820180000000070e-004	1.460741e-001
9.830170000000070e-004	1.461720e-001
9.840160000000070e-004	1.462699e-001
9.850150000000071e-004	1.463677e-001
9.860140000000071e-004	1.464655e-001
9.870130000000071e-004	1.465632e-001
9.880120000000071e-004	1.466609e-001
9.890110000000071e-004	1.467586e-001
9.900100000000071e-004	1.468562e-001
9.910090000000071e-004	1.469537e-001
9.920080000000071e-004	1.470513e-001
9.930070000000071e-004	1.471487e-001
9.940060000000071e-004	1.472462e-001
9.950050000000071e-004	1.473436e-001
9.960040000000071e-004	1.474409e-001
9.970030000000072e-004	1.475382e-001
9.980020000000072e-004	1.476355e-001
9.990010000000072e-004	1.477327e-001
1.000000000000000e-003	1.478298e-001
